0.70014745 
0.6488899 
0.6446797 
0.6215475 
0.61091864 
0.5923316 
0.5761191 
0.550609 
0.54161173 
0.5440532 
0.49964124 
0.48067197 
0.5064828 
0.5031327 
0.4810241 
0.45642042 
0.4458019 
0.43387556 
0.40439278 
0.42051506 
0.39631 
0.38965607 
0.40619272 
0.37009853 
0.35030162 
0.38206306 
0.33584252 
0.3293994 
0.3362585 
0.32977763 
0.33807072 
0.32431644 
0.32828313 
0.31705013 
0.32863492 
0.290343 
0.31460577 
0.27212468 
0.28501803 
0.2877772 
0.3156959 
0.31033307 
0.32231694 
0.2735266 
0.28696442 
0.29327953 
0.26312134 
0.2950895 
0.32366696 
0.26335222 
0.23283592 
0.28455967 
0.26529086 
0.26465118 
0.26406258 
0.26111698 
0.2753925 
0.2540791 
0.27659124 
0.28947416 
0.22244573 
0.27273884 
0.22680707 
0.21019709 
0.22500853 
0.2929449 
0.24032855 
0.24587408 
0.22129914 
0.23379877 
0.22719173 
0.22854891 
0.23788461 
0.21522427 
0.27256334 
0.25240904 
0.24858627 
0.25595778 
0.24459481 
0.2208921 
0.22062597 
0.23338938 
0.25362965 
0.18814616 
0.20944352 
0.20678346 
0.20120172 
0.21516514 
0.22633843 
0.30106348 
0.23033015 
0.19284591 
0.21253034 
0.20612279 
0.19772062 
0.22148684 
0.19069573 
0.183709 
0.20257418 
0.18983632 
0.16453992 
0.19713454 
0.19622138 
0.17465226 
0.21154325 
0.20091262 
0.20767967 
0.19142549 
0.23155105 
0.17124757 
0.20157138 
0.19843644 
0.17018127 
0.18164113 
0.18136474 
0.17560948 
0.22000746 
0.20253411 
0.16921419 
0.15686142 
0.1693074 
0.15830287 
0.17521027 
0.18649271 
0.16958794 
0.15661046 
0.17838928 
0.18231952 
0.1699517 
0.17985396 
0.16337141 
0.2018834 
0.21618137 
0.18054266 
0.16096117 
0.17270795 
0.13200973 
0.1948863 
0.18341129 
0.14120279 
0.1662611 
0.19509394 
0.16568577 
0.16697265 
0.16643246 
0.1657352 
0.14543797 
0.12444737 
0.16385011 
0.13979591 
0.15188627 
0.16402654 
0.21276073 
0.12945326 
0.15249729 
0.16658756 
0.13169241 
0.14989969 
0.14728971 
0.1602306 
0.15731671 
0.1487418 
0.13636601 
0.1279302 
0.12594834 
0.10482089 
0.15190192 
0.15598202 
0.12664263 
0.1326059 
0.123737335 
0.1304683 
0.12316485 
0.14451271 
0.11777791 
0.14205945 
0.12240114 
0.15061969 
0.10600157 
0.1371951 
0.11040281 
0.10806813 
0.13457844 
0.11462591 
0.13289185 
0.11286054 
0.12427912 
0.13591486 
0.10065857 
0.13141122 
0.117191374 
0.12906235 
0.10597 
0.1239111 
0.12505844 
0.11347721 
0.1344605 
0.15146306 
0.14672537 
0.121826455 
0.14367235 
0.12721935 
0.13324952 
0.10916964 
0.1422265 
0.13559373 
0.12293215 
0.12393953 
0.120412365 
0.11618056 
0.13297606 
0.14058928 
0.13241258 
0.15695415 
0.13242726 
0.16869804 
0.14775729 
0.12268899 
0.14533561 
0.15095536 
0.1397882 
0.150641 
0.13167208 
0.13792214 
0.13543478 
0.12386284 
0.1483228 
0.1299515 
0.16347833 
0.13116331 
0.13040657 
0.12682384 
0.13164708 
0.16378047 
0.14232619 
0.12536927 
0.16097157 
0.14959346 
0.14954825 
0.1391839 
0.14917347 
0.17516741 
0.13374309 
0.1218457 
0.12803926 
0.16302976 
0.15664601 
0.1762696 
0.14153703 
0.14369705 
0.1250669 
0.15081175 
0.14809893 
0.1769669 
0.15388975 
0.18049522 
0.18402655 
0.16081436 
0.15975901 
0.14933886 
0.14679801 
0.14493297 
0.14033152 
0.14831781 
0.1809663 
0.15439737 
0.17647836 
0.17335814 
0.16136792 
0.1609739 
0.1652344 
0.1821483 
0.17836374 
0.1721311 
0.16498242 
0.20488867 
0.1728756 
0.17738426 
0.15243486 
0.18180834 
0.16459815 
0.18518288 
0.1675243 
0.16399968 
0.1787308 
0.17026523 
0.16813497 
0.16650303 
0.16553423 
0.16265258 
0.16590777 
0.16609494 
0.17687277 
0.19120069 
0.1655725 
0.14784548 
0.16735242 
0.18358399 
0.19854525 
0.17900482 
0.16187528 
0.15248027 
0.16774234 
0.17716095 
0.17262998 
0.18557096 
0.1957594 
0.15278722 
0.1586199 
0.17242418 
0.2024199 
0.17692795 
0.1712232 
0.14005724 
0.17118964 
0.17553969 
0.1610873 
0.16340445 
0.19740497 
0.16480716 
0.17229137 
0.16797152 
0.1679258 
0.16599563 
0.16464877 
0.17778532 
0.17919412 
0.18245228 
0.165895 
0.18330422 
0.14960346 
0.16269189 
0.17479965 
0.15222166 
0.19811228 
0.17106648 
0.18291114 
0.18971996 
0.17264333 
0.17271611 
0.16058885 
0.17178047 
0.14764602 
0.15336281 
0.17201605 
0.16482505 
0.15415224 
0.14737533 
0.15082005 
0.14818801 
0.13978326 
0.16126187 
0.14328578 
0.15969577 
0.166544 
0.14229584 
0.15045083 
0.13834305 
0.14001064 
0.14096923 
0.15754025 
0.15737002 
0.15943371 
0.13905624 
0.16986375 
0.1515383 
0.15001015 
0.15061232 
0.14882845 
0.15542176 
0.11781348 
0.13808367 
0.1386253 
0.15669064 
0.15779318 
0.14072677 
0.13407306 
0.1377597 
0.1421284 
0.17504153 
0.116652094 
0.12922104 
0.1380929 
0.14323717 
0.11818151 
0.13284989 
0.12205064 
0.14680398 
0.13853613 
0.12670769 
0.11930044 
0.1344022 
0.12276902 
0.1327692 
0.11990625 
0.13399708 
0.14431745 
0.13318896 
0.13324776 
0.13668264 
0.11770606 
0.14191517 
0.12981072 
0.113511965 
0.12719482 
0.13086256 
0.11852237 
0.13453484 
0.1374447 
0.1421217 
0.14419913 
0.15232143 
0.13225767 
0.13645843 
0.16625994 
0.13201547 
0.14351739 
0.11198404 
0.14333978 
0.17049246 
0.13818447 
0.14507759 
0.12449713 
0.14233676 
0.13319208 
0.12845583 
0.1399775 
0.16143338 
0.12814364 
0.13831541 
0.14796188 
0.12727383 
0.15002267 
0.12201104 
0.13946359 
0.13532415 
0.12355073 
0.15803781 
0.14754753 
0.1309587 
0.14399114 
0.13399987 
0.14799471 
0.13010451 
0.12957282 
0.14791779 
0.14870231 
0.13030694 
0.15312564 
0.1383524 
0.12656853 
0.13792118 
0.11947157 
0.14498253 
0.14076182 
0.1532669 
0.15371187 
0.11170368 
0.14635463 
0.13822667 
0.12711337 
0.1456634 
0.14116994 
0.12758258 
0.14194277 
0.14110434 
0.14168628 
0.14005323 
0.12687549 
0.12203856 
0.14815214 
0.1549638 
0.14405689 
0.1374605 
0.12672974 
0.13229476 
0.12938896 
0.13299927 
0.13803299 
0.15014952 
0.12424427 
0.13240635 
0.1239043 
0.1377147 
0.13121584 
0.13087906 
0.13552122 
0.14552839 
0.13098176 
0.13791414 
0.13397968 
0.11983331 
0.16366482 
0.15374567 
0.13950975 
0.11855757 
0.13053201 
0.14385407 
0.15954319 
0.13703029 
0.11702094 
0.13499305 
0.17141654 
0.11793516 
0.14500663 
0.15361957 
0.15958346 
0.1287814 
0.13516949 
0.13335302 
0.13298608 
0.1364722 
0.13927424 
0.1263346 
0.14744356 
0.117627725 
0.14676337 
0.14540264 
0.13502498 
0.13487108 
0.11622858 
0.14228491 
0.11435292 
0.13753024 
0.12782344 
0.1270496 
0.1232715 
0.10170287 
0.11839137 
0.11809562 
0.12604587 
0.13122578 
0.114663266 
0.14694405 
0.10677526 
0.12562802 
0.14853609 
0.10530128 
0.1511242 
0.119201526 
0.13163322 
0.11547911 
0.12676594 
0.11213734 
0.12411692 
0.11185541 
0.12959878 
0.13346377 
0.12742329 
0.12934291 
0.119450524 
0.117392324 
0.1096774 
0.09148304 
0.10249217 
0.124574326 
0.121711634 
0.109850064 
0.13376771 
0.10944034 
0.12088611 
0.10376511 
0.09750787 
0.10131834 
0.11327038 
0.12319438 
0.11536074 
0.1103551 
0.10625438 
0.13172969 
0.111584686 
0.11627592 
0.093137786 
0.094645254 
0.12533225 
0.10679424 
0.09565978 
0.104476295 
0.09692082 
0.104356036 
0.09483334 
0.08458896 
0.09862603 
0.079778805 
0.09000158 
0.10547745 
0.08817005 
0.09667553 
0.09832372 
0.10468356 
0.078010045 
0.084384166 
0.09199476 
0.08100805 
0.093601584 
0.09788958 
0.08871801 
0.08685827 
0.07047789 
0.09060458 
0.08734743 
0.08306344 
0.10208778 
0.089314066 
0.085358046 
0.09275989 
0.08164179 
0.07875805 
0.1002907 
0.112423226 
0.114013866 
0.092494056 
0.07293118 
0.077485576 
0.10396657 
0.1110007 
0.06754009 
0.081858695 
0.08178581 
0.090060964 
0.06678675 
0.08571924 
0.075818256 
0.097077 
0.07480287 
0.09007426 
0.09462868 
0.082604565 
0.09067772 
0.103588246 
0.088974066 
0.081403516 
0.09531886 
0.07286117 
0.07800518 
0.074982084 
0.07628103 
0.09488676 
0.08132618 
0.08861192 
0.085693836 
0.0776791 
0.08854239 
0.07288979 
0.075150065 
0.08547401 
0.0786213 
0.072095245 
0.09273536 
0.07165683 
0.085154206 
0.07654794 
0.08375728 
0.085546 
0.08408631 
0.073920324 
0.08660288 
0.06624366 
0.07638161 
0.07756005 
0.068551585 
0.07195695 
0.0876082 
0.08409407 
0.08374115 
0.07723562 
0.06287412 
0.06392501 
0.088522755 
0.063947685 
0.09569894 
0.070516825 
0.08983809 
0.06400935 
0.09357903 
0.06750405 
0.079542436 
0.09476169 
0.07659366 
0.07234314 
0.0704575 
0.094407596 
0.058806103 
0.08575381 
0.08480309 
0.07798035 
0.061054587 
0.071430884 
0.08354697 
0.08215771 
0.06263026 
0.05808115 
0.06789552 
0.11699331 
0.09368851 
0.0688922 
0.069806345 
0.075833656 
0.057780396 
0.072804414 
0.06268565 
0.05479114 
0.07788182 
0.08525081 
0.07464282 
0.07037165 
0.072724596 
0.058165587 
0.08037434 
0.06918759 
0.07882688 
0.0673359 
0.06034715 
0.064751826 
0.07444739 
0.07075495 
0.06964465 
0.072600245 
0.05701705 
0.07042185 
0.084763035 
0.060615562 
0.09009619 
0.059966702 
0.06290988 
0.064409696 
0.056026183 
0.08296287 
0.069938734 
0.05649855 
0.06771722 
0.08162274 
0.0680025 
0.06211368 
0.080304384 
0.071695045 
0.059156813 
0.06837451 
0.06841824 
0.0941218 
0.07589642 
0.06767126 
0.077461004 
0.0838261 
0.0768833 
0.06778072 
0.07848331 
0.07233746 
0.07303111 
0.082872145 
0.08430715 
0.07939114 
0.08632445 
0.06143091 
0.08255066 
0.08776889 
0.07071613 
0.080498986 
0.07417121 
0.078865804 
0.06790545 
0.08142146 
0.07101438 
0.06916614 
0.07856051 
0.0742708 
0.08093444 
0.069666386 
0.07576655 
0.07993488 
0.07831772 
0.070194505 
0.07690036 
0.08126584 
0.058646955 
0.07278365 
0.076472744 
0.08709316 
0.06750051 
0.069901384 
0.062241167 
0.04917508 
0.058463715 
0.07449898 
0.06933088 
0.06032152 
0.080221735 
0.0754397 
0.07481332 
0.06795053 
0.067218766 
0.059257843 
0.08679198 
0.08310545 
0.06855984 
0.09242682 
0.06680943 
0.07324413 
0.06444052 
0.05886834 
0.066744074 
0.063626036 
0.05428054 
0.07567035 
0.074217886 
0.079217635 
0.066126905 
0.072789684 
0.05378903 
0.07597878 
0.04867183 
0.07299344 
0.067716144 
0.07261333 
0.0511621 
0.079697564 
0.058920078 
0.076729774 
0.04159373 
0.06780013 
0.060628008 
0.06326369 
0.06543372 
0.056940712 
0.0557357 
0.08399467 
0.06923751 
0.049969602 
0.059403293 
0.073926166 
0.07745985 
0.060569763 
0.05869001 
0.06803663 
0.076895215 
0.05520867 
0.07659541 
0.06428605 
0.06401761 
0.05837217 
0.07538791 
0.064435706 
0.07467006 
0.075792044 
0.06758579 
0.061742228 
0.06795311 
0.06261382 
0.07349871 
0.076481596 
0.056660526 
0.05693841 
0.06406854 
0.060744006 
0.0778172 
0.080316335 
0.08466164 
0.06120383 
0.044974793 
0.06461912 
0.07058044 
0.08863925 
0.058212817 
0.06396024 
0.060280245 
0.05859332 
0.06308116 
0.06868009 
0.06605826 
0.060294352 
0.06759001 
0.071823135 
0.065923735 
0.06887552 
0.051920008 
0.06342379 
0.06292921 
0.05258621 
0.06256298 
0.06602197 
0.05627505 
0.06984289 
0.05405711 
0.06548671 
0.059770204 
0.054908656 
0.04345033 
0.05416564 
0.06158483 
0.057537913 
0.07232861 
0.04847557 
0.07513128 
0.045827486 
0.06555561 
0.054688282 
0.061311513 
0.06150498 
0.06784501 
0.055629086 
0.04582157 
0.06969881 
0.057917904 
0.063118674 
0.06315881 
0.060558535 
0.06460629 
0.07687143 
0.057294052 
0.05791513 
0.07357273 
0.045910653 
0.062029053 
0.058027994 
0.05001829 
0.05248638 
0.0667289 
0.05488931 
0.06810893 
0.07021489 
0.066168465 
0.050622143 
0.058164645 
0.04939316 
0.054186285 
0.07681654 
0.060075838 
0.06943093 
0.05866322 
0.058087744 
0.06975808 
0.05320443 
0.06655006 
0.06981351 
0.051952135 
0.05335338 
0.057123106 
0.06514772 
0.0660164 
0.070272185 
0.04904531 
0.057475705 
0.064813696 
0.06323392 
0.05336641 
0.053397566 
0.056266345 
0.056087922 
0.05518797 
0.060841925 
0.043710016 
0.049550116 
0.053579062 
0.06722148 
0.06761107 
0.048440095 
0.05650432 
0.07055134 
0.05442519 
0.053883947 
0.05280779 
0.05881356 
0.048699107 
0.050052024 
0.065752506 
0.04871083 
0.04718279 
0.049131915 
0.053636473 
0.051221706 
0.048877437 
0.055672407 
0.070981584 
0.064569615 
0.060899824 
0.056493066 
0.055291675 
0.054655783 
0.05067091 
0.0546797 
0.06476994 
0.04975412 
0.04272481 
0.045415357 
0.05361422 
0.04762342 
0.06986034 
0.046118222 
0.065230176 
0.048270803 
0.048453607 
0.054559685 
0.03635943 
0.05236019 
0.06716403 
0.052667785 
0.053280126 
0.049349733 
0.04992037 
0.05193178 
0.072435744 
0.06717961 
0.06357406 
0.03985599 
0.043315552 
0.06927715 
0.04707006 
0.05314479 
0.0630108 
0.05237325 
0.04570798 
0.05846266 
0.04927502 
0.0645798 
0.057935633 
0.042256467 
0.04793512 
0.053817756 
0.044671927 
0.058213912 
0.05984193 
0.06992872 
0.05943966 
0.054317474 
0.053796567 
0.050252117 
0.047049455 
0.05438762 
0.048212543 
0.06419788 
0.052589446 
0.04488205 
0.04610001 
0.037382044 
0.055074833 
0.04726242 
0.05342108 
0.05312428 
0.051627386 
0.04039866 
0.06162735 
0.04392882 
0.046578806 
0.048960548 
0.061894976 
0.047063332 
0.053587936 
0.069914535 
0.05590018 
0.05569973 
0.059634067 
0.059093572 
0.04932751 
0.052295636 
0.04725888 
0.05085227 
0.052961886 
0.057539176 
0.06254761 
0.059327822 
0.042295855 
0.042425845 
0.056704283 
0.06298182 
0.046172567 
0.04025701 
0.06536667 
0.05512022 
0.04777977 
0.048982594 
0.06424062 
0.036312234 
0.056231022 
0.05180946 
0.037860647 
0.050984688 
0.04414332 
0.042746764 
0.04468175 
0.055505596 
0.049048323 
0.054962534 
0.04720346 
0.04383936 
0.062051974 
0.04291124 
0.041483086 
0.053788275 
0.05660377 
0.049181186 
0.045497857 
0.042608548 
0.056572914 
0.046752088 
0.045690097 
0.04448457 
0.044646353 
0.046564143 
0.036462493 
0.05486362 
0.052171 
0.042530544 
0.055018924 
0.046988524 
0.048347708 
0.04851743 
0.048494257 
0.039962936 
0.046719138 
0.043760903 
0.03906588 
0.057821285 
0.048353415 
0.044809353 
0.05824875 
0.036225997 
0.05589966 
0.052234598 
0.039782554 
0.043514915 
0.03927051 
0.038487572 
0.052877497 
0.048531104 
0.049298547 
0.04696844 
0.050834477 
0.05397474 
0.04198581 
0.049579594 
0.053558398 
0.04438142 
0.038789622 
0.05617078 
0.03869736 
0.046576574 
0.047514603 
0.041963503 
0.0727938 
0.047213867 
0.04298351 
0.06295576 
0.044129312 
0.04227222 
0.054916255 
0.04709804 
0.045051493 
0.06202085 
0.05332818 
0.034350134 
0.040788747 
0.053288363 
0.060627222 
0.039861787 
0.049856924 
0.039635964 
0.04143273 
0.0389371 
0.041207667 
0.02966535 
0.044511344 
0.052458502 
0.040793058 
0.054652225 
0.04750694 
0.03490567 
0.05075063 
0.031309508 
0.03580436 
0.05254308 
0.04251372 
0.04060101 
0.04248119 
0.049617656 
0.035876226 
0.048553266 
0.04427197 
0.051984 
0.045275014 
0.05239389 
0.03698898 
0.046731286 
0.04047268 
0.049177367 
0.060748607 
0.040136326 
0.048487894 
0.04495027 
0.04973747 
0.041046847 
0.04518206 
0.043796964 
0.04827077 
0.05154265 
0.042756867 
0.037069984 
0.044917826 
0.051991433 
0.052860618 
0.045679256 
